10 41 6 35 45 2 43 3 3 0 54 54 0 44 4 40 32 20 12 63 0 63
11 42 2 40 42 2 40 3 3 0 59 59 0 37 10 27 37 16 21 56 0 56
12 31 8 23 37 2 35 3 3 0 56 56 0 29 9 20 29 13 16 46 0 46
13 34 6 28 37 3 34 3 3 0 47 47 0 35 7 28 27 16 11 49 0 49
14 29 5 24 32 2 30 3 3 0 38 38 0 32 7 25 26 15 11 41 0 41
15 25 6 19 29 2 27 3 3 0 26 26 0 25 10 15 28 11 17 36 0 36
16 24 5 19 26 3 23 3 3 0 30 30 0 20 9 11 16 9 7 36 0 36
17 25 3 22 26 2 24 3 3 0 31 31 0 21 6 15 21 6 15 37 0 37
18 18 4 14 19 3 16 3 3 0 31 31 0 19 3 16 16 10 6 39 0 39
19 13 7 6 17 3 14 3 3 0 28 28 0 16 5 11 16 8 8 38 0 38
20 16 5 11 18 3 15 3 3 0 28 28 0 19 8 11 15 7 8 33 0 33
21 15 3 12 15 3 12 3 3 0 29 29 0 14 5 9 14 7 7 37 0 37
22 14 4 10 17 1 16 3 3 0 16 16 0 17 1 16 16 8 8 21 0 21
23 13 3 10 13 3 10 3 3 0 18 18 0 14 6 8 10 5 5 26 0 26
24 14 4 10 16 2 14 3 3 0 32 32 0 16 8 8 17 7 10 20 0 20
25 14 4 10 15 3 12 3 3 0 28 28 0 15 3 12 14 10 4 40 0 40
26 11 3 8 11 3 8 3 3 0 24 24 0 11 3 8 17 7 10 26 0 26
27 13 4 9 14 3 11 3 3 0 24 24 0 14 3 11 17 5 12 18 0 18
28 12 5 7 14 3 11 3 3 0 19 19 0 14 3 11 12 6 6 17 0 17
29 13 5 8 15 3 12 3 3 0 22 22 0 14 6 8 11 7 4 20 0 20
30 6 4 2 8 2 6 3 3 0 15 15 0 8 2 6 7 5 2 18 0 18
10 52 5 47 54 3 51 3 3 0 63 63 0 52 16 36 43 20 23 65 0 65
11 42 5 37 44 3 41 3 3 0 59 59 0 39 9 30 32 17 15 67 0 67
12 30 3 27 32 1 31 3 3 0 41 41 0 32 1 31 28 12 16 38 0 38
13 32 6 26 35 3 32 3 3 0 45 45 0 32 9 23 29 15 14 51 0 51
14 31 5 26 34 2 32 3 3 0 51 51 0 32 7 25 21 11 10 43 0 43
15 25 4 21 26 3 23 3 3 0 37 37 0 26 3 23 23 11 12 43 0 43
16 24 6 18 27 3 24 3 3 0 41 41 0 24 5 19 17 12 5 48 0 48
17 23 2 21 23 2 21 3 3 0 27 27 0 26 8 18 23 9 14 32 0 32
18 19 4 15 20 3 17 3 3 0 28 28 0 18 7 11 16 9 7 37 0 37
19 19 4 15 21 2 19 3 3 0 28 28 0 20 8 12 19 9 10 23 0 23
20 19 5 14 22 2 20 3 3 0 25 25 0 23 5 18 17 12 5 30 0 30
21 16 4 12 17 3 14 3 3 0 32 32 0 18 7 11 14 9 5 31 0 31
22 15 4 11 17 2 15 3 3 0 19 19 0 16 5 11 13 11 2 24 0 24
23 16 5 11 18 3 15 3 3 0 27 27 0 18 3 15 16 12 4 30 0 30
24 17 5 12 19 3 16 3 3 0 27 27 0 16 6 10 16 5 11 26 0 26
25 10 4 6 12 2 10 3 3 0 20 20 0 12 2 10 11 7 4 23 0 23
26 12 4 8 14 2 12 3 3 0 17 17 0 14 5 9 11 6 5 20 0 20
27 11 5 6 13 3 10 3 3 0 22 22 0 12 6 6 13 5 8 33 0 33
28 9 3 6 9 3 6 3 3 0 14 14 0 8 5 3 9 4 5 22 0 22
29 12 3 9 13 2 11 3 3 0 13 13 0 13 2 11 11 7 4 18 0 18
30 7 2 5 7 2 5 3 3 0 14 14 0 7 2 5 8 4 4 19 0 19
10 42 9 33 48 3 45 3 3 0 61 61 0 42 11 31 37 23 14 70 0 70
11 36 6 30 39 3 36 3 3 0 49 49 0 38 7 31 32 12 20 60 0 60
12 36 3 33 38 1 37 3 3 0 44 44 0 32 10 22 27 15 12 46 0 46
13 28 6 22 31 3 28 3 3 0 57 57 0 31 3 28 21 15 6 59 0 59
14 27 5 22 31 1 30 3 3 0 32 32 0 29 6 23 21 14 7 34 0 34
15 23 4 19 25 2 23 3 3 0 35 35 0 23 8 15 19 6 13 30 0 30
16 22 5 17 24 3 21 3 3 0 28 28 0 24 3 21 20 16 4 42 0 42
17 25 5 20 27 3 24 3 3 0 31 31 0 23 5 18 20 13 7 35 0 35
18 18 3 15 18 3 15 3 3 0 24 24 0 18 5 13 16 11 5 35 0 35
19 17 6 11 20 3 17 3 3 0 32 32 0 19 5 14 16 9 7 39 0 39
20 15 6 9 18 3 15 3 3 0 25 25 0 18 3 15 16 7 9 33 0 33
21 14 3 11 16 1 15 3 3 0 24 24 0 16 1 15 13 8 5 18 0 18
22 14 3 11 16 1 15 3 3 0 26 26 0 15 4 11 11 6 5 27 0 27
23 17 3 14 18 2 16 3 3 0 23 23 0 16 6 10 14 5 9 26 0 26
24 10 4 6 12 2 10 3 3 0 23 23 0 12 2 10 13 7 6 14 0 14
25 11 4 7 13 2 11 3 3 0 26 26 0 13 5 8 14 4 10 20 0 20
26 11 3 8 11 3 8 3 3 0 17 17 0 11 3 8 10 5 5 25 0 25
27 13 4 9 14 3 11 3 3 0 24 24 0 14 6 8 11 7 4 27 0 27
28 9 5 4 11 3 8 3 3 0 23 23 0 12 5 7 15 4 11 24 0 24
29 9 3 6 10 2 8 3 3 0 17 17 0 10 2 8 9 4 5 21 0 21
30 11 6 5 14 3 11 3 3 0 23 23 0 13 5 8 12 5 7 25 0 25
10 46 7 39 51 2 49 3 3 0 56 56 0 41 12 29 34 22 12 63 0 63
11 39 3 36 40 2 38 3 3 0 52 52 0 37 8 29 33 21 12 56 0 56
12 34 12 22 44 2 42 3 3 0 53 53 0 38 12 26 28 19 9 49 0 49
13 31 7 24 36 2 34 3 3 0 43 43 0 31 10 21 28 15 13 41 0 41
14 28 9 19 34 3 31 3 3 0 40 40 0 34 13 21 20 16 4 45 0 45
15 23 3 20 24 2 22 3 3 0 31 31 0 24 7 17 20 14 6 37 0 37
16 21 5 16 24 2 22 3 3 0 28 28 0 22 8 14 16 9 7 36 0 36
17 23 5 18 26 2 24 3 3 0 36 36 0 20 7 13 22 10 12 31 0 31
18 19 3 16 20 2 18 3 3 0 30 30 0 23 7 16 15 10 5 32 0 32
19 20 3 17 20 3 17 3 3 0 37 37 0 19 5 14 18 10 8 33 0 33
20 19 3 16 20 2 18 3 3 0 33 33 0 19 6 13 14 8 6 27 0 27
21 14 4 10 16 2 14 3 3 0 16 16 0 14 4 10 12 9 3 24 0 24
22 11 4 7 12 3 9 3 3 0 16 16 0 10 6 4 23 3 20 30 0 30
23 17 3 14 17 3 14 3 3 0 26 26 0 18 8 10 20 9 11 36 0 36
24 13 5 8 15 3 12 3 3 0 24 24 0 15 7 8 12 7 5 25 0 25
25 14 3 11 14 3 11 3 3 0 32 32 0 15 6 9 11 8 3 25 0 25
26 11 4 7 13 2 11 3 3 0 22 22 0 13 5 8 13 4 9 20 0 20
27 13 3 10 13 3 10 3 3 0 22 22 0 13 3 10 15 5 10 19 0 19
28 9 5 4 11 3 8 3 3 0 26 26 0 11 3 8 9 5 4 30 0 30
29 11 2 9 12 1 11 3 3 0 14 14 0 12 1 11 11 4 7 19 0 19
30 5 3 2 5 3 2 3 3 0 18 18 0 5 3 2 12 2 10 16 0 16
10 51 5 46 54 2 52 3 3 0 56 56 0 46 12 34 38 24 14 57 0 57
11 38 9 29 45 2 43 3 3 0 48 48 0 39 8 31 31 15 16 49 0 49
12 26 6 20 31 1 30 3 3 0 44 44 0 31 1 30 27 12 15 38 0 38
13 30 6 24 34 2 32 3 3 0 52 52 0 34 11 23 19 15 4 54 0 54
14 23 7 16 28 2 26 3 3 0 36 36 0 24 8 16 18 10 8 49 0 49
15 20 6 14 23 3 20 3 3 0 32 32 0 24 8 16 15 10 5 42 0 42
16 23 7 16 27 3 24 3 3 0 41 41 0 27 3 24 20 12 8 36 0 36
17 20 6 14 23 3 20 3 3 0 40 40 0 22 7 15 19 7 12 33 0 33
18 17 4 13 19 2 17 3 3 0 27 27 0 19 6 13 12 9 3 31 0 31
19 21 6 15 24 3 21 3 3 0 28 28 0 23 10 13 19 10 9 34 0 34
20 16 6 10 20 2 18 3 3 0 26 26 0 20 2 18 15 7 8 27 0 27
21 14 4 10 16 2 14 3 3 0 27 27 0 15 4 11 11 10 1 26 0 26
22 16 6 10 19 3 16 3 3 0 29 29 0 19 3 16 16 8 8 32 0 32
23 14 5 9 16 3 13 3 3 0 21 21 0 14 6 8 15 8 7 26 0 26
24 15 5 10 17 3 14 3 3 0 24 24 0 16 5 11 15 5 10 24 0 24
25 13 6 7 16 3 13 3 3 0 20 20 0 16 6 10 13 7 6 29 0 29
26 9 5 4 12 2 10 3 3 0 25 25 0 12 2 10 13 6 7 22 0 22
27 12 5 7 14 3 11 3 3 0 30 30 0 14 3 11 14 6 8 18 0 18
28 11 4 7 13 2 11 3 3 0 26 26 0 13 2 11 12 6 6 17 0 17
29 9 4 5 11 2 9 3 3 0 16 16 0 11 2 9 9 5 4 17 0 17
30 11 4 7 12 3 9 3 3 0 26 26 0 12 3 9 8 5 3 24 0 24
10 41 5 36 44 2 42 3 3 0 64 64 0 39 12 27 34 20 14 65 0 65
11 38 3 35 40 1 39 3 3 0 53 53 0 35 8 27 32 15 17 43 0 43
12 35 3 32 36 2 34 3 3 0 46 46 0 32 7 25 28 11 17 47 0 47
13 30 4 26 31 3 28 3 3 0 45 45 0 32 9 23 24 10 14 42 0 42
14 28 8 20 34 2 32 3 3 0 45 45 0 25 8 17 19 11 8 49 0 49
15 29 4 25 31 2 29 3 3 0 33 33 0 23 9 14 20 12 8 42 0 42
16 22 4 18 24 2 22 3 3 0 33 33 0 22 5 17 17 10 7 33 0 33
17 24 5 19 27 2 25 3 3 0 37 37 0 25 8 17 22 10 12 32 0 32
18 24 6 18 27 3 24 3 3 0 25 25 0 23 7 16 19 11 8 36 0 36
19 20 6 14 24 2 22 3 3 0 25 25 0 25 7 18 17 8 9 26 0 26
20 19 6 13 23 2 21 3 3 0 30 30 0 22 8 14 18 11 7 31 0 31
21 13 5 8 15 3 12 3 3 0 27 27 0 15 3 12 13 10 3 27 0 27
22 10 3 7 11 2 9 3 3 0 27 27 0 11 2 9 19 4 15 28 0 28
23 12 4 8 13 3 10 3 3 0 27 27 0 13 3 10 11 6 5 23 0 23
24 13 5 8 16 2 14 3 3 0 24 24 0 16 4 12 12 5 7 29 0 29
25 15 4 11 16 3 13 3 3 0 22 22 0 16 5 11 13 8 5 35 0 35
26 12 6 6 15 3 12 3 3 0 22 22 0 15 5 10 16 5 11 25 0 25
27 13 5 8 15 3 12 3 3 0 19 19 0 15 3 12 17 8 9 19 0 19
28 12 5 7 14 3 11 3 3 0 23 23 0 12 6 6 12 7 5 23 0 23
29 10 4 6 11 3 8 3 3 0 20 20 0 11 3 8 9 7 2 17 0 17
30 8 4 4 9 3 6 3 3 0 22 22 0 9 3 6 8 5 3 20 0 20
10 35 4 31 37 2 35 3 3 0 59 59 0 36 4 32 31 15 16 57 0 57
11 39 5 34 43 1 42 3 3 0 49 49 0 43 9 34 36 17 19 48 0 48
12 38 4 34 42 0 42 3 3 0 51 51 0 36 8 28 33 13 20 42 0 42
13 29 5 24 31 3 28 3 3 0 43 43 0 31 3 28 32 15 17 50 0 50
14 28 6 22 31 3 28 3 3 0 46 46 0 29 6 23 25 17 8 47 0 47
15 25 7 18 29 3 26 3 3 0 38 38 0 29 3 26 21 15 6 48 0 48
16 26 6 20 30 2 28 3 3 0 32 32 0 23 9 14 18 12 6 37 0 37
17 22 5 17 24 3 21 3 3 0 35 35 0 24 3 21 20 12 8 40 0 40
18 24 4 20 25 3 22 3 3 0 28 28 0 26 9 17 21 11 10 36 0 36
19 18 5 13 20 3 17 3 3 0 33 33 0 19 7 12 17 10 7 35 0 35
20 17 4 13 19 2 17 3 3 0 29 29 0 16 7 9 15 5 10 29 0 29
21 15 7 8 19 3 16 3 3 0 31 31 0 19 3 16 16 9 7 40 0 40
22 17 7 10 21 3 18 3 3 0 31 31 0 17 9 8 13 8 5 37 0 37
23 16 5 11 18 3 15 3 3 0 25 25 0 16 7 9 12 10 2 28 0 28
24 15 4 11 17 2 15 3 3 0 23 23 0 17 2 15 15 8 7 21 0 21
25 12 4 8 13 3 10 3 3 0 33 33 0 13 3 10 12 7 5 32 0 32
26 13 5 8 15 3 12 3 3 0 23 23 0 17 6 11 11 8 3 25 0 25
27 13 4 9 14 3 11 3 3 0 22 22 0 13 5 8 10 7 3 30 0 30
28 14 4 10 16 2 14 3 3 0 20 20 0 14 4 10 11 7 4 21 0 21
29 12 4 8 13 3 10 3 3 0 18 18 0 12 6 6 11 6 5 20 0 20
30 11 5 6 13 3 10 3 3 0 22 22 0 13 3 10 12 5 7 19 0 19
10 46 8 38 51 3 48 3 3 0 59 59 0 40 15 25 38 20 18 66 0 66
11 35 7 28 40 2 38 3 3 0 45 45 0 37 6 31 27 13 14 56 0 56
12 34 9 25 41 2 39 3 3 0 53 53 0 32 8 24 29 17 12 48 0 48
13 33 6 27 37 2 35 3 3 0 42 42 0 29 9 20 25 10 15 48 0 48
14 30 7 23 35 2 33 3 3 0 38 38 0 24 10 14 22 10 12 38 0 38
15 28 4 24 30 2 28 3 3 0 35 35 0 29 11 18 24 12 12 32 0 32
16 25 3 22 25 3 22 3 3 0 39 39 0 22 9 13 21 13 8 37 0 37
17 21 5 16 23 3 20 3 3 0 37 37 0 22 5 17 24 11 13 46 0 46
18 21 4 17 23 2 21 3 3 0 27 27 0 23 7 16 16 10 6 29 0 29
19 15 7 8 19 3 16 3 3 0 28 28 0 19 3 16 14 9 5 38 0 38
20 17 6 11 20 3 17 3 3 0 33 33 0 20 3 17 18 11 7 38 0 38
21 13 4 9 15 2 13 3 3 0 28 28 0 15 2 13 14 9 5 33 0 33
22 16 4 12 18 2 16 3 3 0 28 28 0 19 6 13 18 7 11 28 0 28
23 14 5 9 16 3 13 3 3 0 31 31 0 16 3 13 12 9 3 40 0 40
24 13 5 8 15 3 12 3 3 0 30 30 0 15 3 12 13 6 7 33 0 33
25 15 4 11 16 3 13 3 3 0 25 25 0 16 5 11 11 8 3 30 0 30
26 9 3 6 10 2 8 3 3 0 27 27 0 10 2 8 10 5 5 16 0 16
27 13 3 10 13 3 10 3 3 0 17 17 0 12 5 7 8 5 3 23 0 23
28 10 4 6 12 2 10 3 3 0 18 18 0 12 2 10 12 7 5 21 0 21
29 10 3 7 10 3 7 3 3 0 29 29 0 10 3 7 13 5 8 25 0 25
30 9 6 3 12 3 9 3 3 0 25 25 0 12 3 9 10 6 4 33 0 33
10 42 6 36 46 2 44 3 3 0 59 59 0 34 12 22 31 12 19 56 0 56
11 38 9 29 45 2 43 3 3 0 59 59 0 36 12 24 28 21 7 57 0 57
12 34 6 28 38 2 36 3 3 0 61 61 0 32 9 23 31 16 15 47 0 47
13 33 5 28 36 2 34 3 3 0 43 43 0 39 9 30 21 15 6 47 0 47
14 27 7 20 32 2 30 3 3 0 40 40 0 32 2 30 25 11 14 40 0 40
15 27 4 23 29 2 27 3 3 0 33 33 0 29 9 20 21 11 10 42 0 42
16 26 5 21 28 3 25 3 3 0 33 33 0 26 11 15 18 11 7 43 0 43
17 19 7 12 23 3 20 3 3 0 34 34 0 19 9 10 19 9 10 43 0 43
18 20 6 14 23 3 20 3 3 0 25 25 0 23 5 18 19 9 10 34 0 34
19 22 6 16 25 3 22 3 3 0 33 33 0 23 7 16 21 11 10 36 0 36
20 14 6 8 17 3 14 3 3 0 30 30 0 17 3 14 17 8 9 37 0 37
21 17 5 12 19 3 16 3 3 0 26 26 0 18 6 12 14 8 6 31 0 31
22 17 5 12 19 3 16 3 3 0 28 28 0 19 3 16 19 10 9 26 0 26
23 12 4 8 15 1 14 3 3 0 22 22 0 13 4 9 12 7 5 17 0 17
24 15 6 9 18 3 15 3 3 0 25 25 0 13 7 6 12 8 4 24 0 24
25 12 3 9 12 3 9 3 3 0 22 22 0 12 3 9 10 7 3 29 0 29
26 15 3 12 15 3 12 3 3 0 35 35 0 14 5 9 15 8 7 36 0 36
27 10 5 5 12 3 9 3 3 0 23 23 0 10 6 4 8 7 1 29 0 29
28 11 4 7 12 3 9 3 3 0 20 20 0 12 6 6 11 6 5 18 0 18
29 11 3 8 12 2 10 3 3 0 20 20 0 11 4 7 15 6 9 25 0 25
30 10 3 7 10 3 7 3 3 0 17 17 0 10 3 7 12 5 7 18 0 18
10 44 5 39 48 1 47 3 3 0 59 59 0 40 9 31 32 14 18 56 0 56
11 40 5 35 44 1 43 3 3 0 53 53 0 44 1 43 31 16 15 46 0 46
12 35 6 29 39 2 37 3 3 0 56 56 0 35 6 29 31 16 15 54 0 54
13 28 9 19 35 2 33 3 3 0 42 42 0 34 4 30 28 14 14 43 0 43
14 30 3 27 31 2 29 3 3 0 46 46 0 25 10 15 22 9 13 34 0 34
15 27 6 21 30 3 27 3 3 0 44 44 0 30 3 27 26 12 14 49 0 49
16 26 6 20 29 3 26 3 3 0 39 39 0 27 9 18 20 13 7 41 0 41
17 18 5 13 21 2 19 3 3 0 25 25 0 21 2 19 14 12 2 35 0 35
18 23 7 16 28 2 26 3 3 0 29 29 0 27 7 20 21 9 12 33 0 33
19 17 7 10 21 3 18 3 3 0 28 28 0 21 8 13 16 9 7 33 0 33
20 16 5 11 19 2 17 3 3 0 27 27 0 17 5 12 14 10 4 29 0 29
21 14 3 11 15 2 13 3 3 0 30 30 0 14 4 10 14 7 7 23 0 23
22 14 4 10 16 2 14 3 3 0 27 27 0 15 4 11 14 6 8 24 0 24
23 16 6 10 19 3 16 3 3 0 23 23 0 18 5 13 13 10 3 28 0 28
24 14 4 10 15 3 12 3 3 0 23 23 0 15 5 10 16 8 8 28 0 28
25 14 5 9 16 3 13 3 3 0 31 31 0 16 3 13 13 9 4 25 0 25
26 10 3 7 11 2 9 3 3 0 18 18 0 9 5 4 10 6 4 23 0 23
27 10 6 4 14 2 12 3 3 0 19 19 0 16 5 11 15 4 11 19 0 19
28 12 5 7 14 3 11 3 3 0 18 18 0 14 3 11 13 6 7 22 0 22
29 10 7 3 14 3 11 3 3 0 17 17 0 14 3 11 12 6 6 23 0 23
30 10 2 8 10 2 8 3 3 0 21 21 0 10 2 8 11 6 5 14 0 14
10 41 6 35 45 2 43 3 3 0 54 54 0 44 4 40 32 20 12 63 0 63
11 42 2 40 42 2 40 3 3 0 59 59 0 37 10 27 37 16 21 56 0 56
12 31 8 23 37 2 35 3 3 0 56 56 0 29 9 20 29 13 16 46 0 46
13 34 6 28 37 3 34 3 3 0 47 47 0 35 7 28 27 16 11 49 0 49
14 29 5 24 32 2 30 3 3 0 38 38 0 32 7 25 26 15 11 41 0 41
15 25 6 19 29 2 27 3 3 0 26 26 0 25 10 15 28 11 17 36 0 36
16 24 5 19 26 3 23 3 3 0 30 30 0 20 9 11 16 9 7 36 0 36
17 25 3 22 26 2 24 3 3 0 31 31 0 21 6 15 21 6 15 37 0 37
18 18 4 14 19 3 16 3 3 0 31 31 0 19 3 16 16 10 6 39 0 39
19 13 7 6 17 3 14 3 3 0 28 28 0 16 5 11 16 8 8 38 0 38
20 16 5 11 18 3 15 3 3 0 28 28 0 19 8 11 15 7 8 33 0 33
21 15 3 12 15 3 12 3 3 0 29 29 0 14 5 9 14 7 7 37 0 37
22 14 4 10 17 1 16 3 3 0 16 16 0 17 1 16 16 8 8 21 0 21
23 13 3 10 13 3 10 3 3 0 18 18 0 14 6 8 10 5 5 26 0 26
24 14 4 10 16 2 14 3 3 0 32 32 0 16 8 8 17 7 10 20 0 20
25 14 4 10 15 3 12 3 3 0 28 28 0 15 3 12 14 10 4 40 0 40
26 11 3 8 11 3 8 3 3 0 24 24 0 11 3 8 17 7 10 26 0 26
27 13 4 9 14 3 11 3 3 0 24 24 0 14 3 11 17 5 12 18 0 18
28 12 5 7 14 3 11 3 3 0 19 19 0 14 3 11 12 6 6 17 0 17
29 13 5 8 15 3 12 3 3 0 22 22 0 14 6 8 11 7 4 20 0 20
30 6 4 2 8 2 6 3 3 0 15 15 0 8 2 6 7 5 2 18 0 18
10 52 5 47 54 3 51 3 3 0 63 63 0 52 16 36 43 20 23 65 0 65
11 42 5 37 44 3 41 3 3 0 59 59 0 39 9 30 32 17 15 67 0 67
12 30 3 27 32 1 31 3 3 0 41 41 0 32 1 31 28 12 16 38 0 38
13 32 6 26 35 3 32 3 3 0 45 45 0 32 9 23 29 15 14 51 0 51
14 31 5 26 34 2 32 3 3 0 51 51 0 32 7 25 21 11 10 43 0 43
15 25 4 21 26 3 23 3 3 0 37 37 0 26 3 23 23 11 12 43 0 43
16 24 6 18 27 3 24 3 3 0 41 41 0 24 5 19 17 12 5 48 0 48
17 23 2 21 23 2 21 3 3 0 27 27 0 26 8 18 23 9 14 32 0 32
18 19 4 15 20 3 17 3 3 0 28 28 0 18 7 11 16 9 7 37 0 37
19 19 4 15 21 2 19 3 3 0 28 28 0 20 8 12 19 9 10 23 0 23
20 19 5 14 22 2 20 3 3 0 25 25 0 23 5 18 17 12 5 30 0 30
21 16 4 12 17 3 14 3 3 0 32 32 0 18 7 11 14 9 5 31 0 31
22 15 4 11 17 2 15 3 3 0 19 19 0 16 5 11 13 11 2 24 0 24
23 16 5 11 18 3 15 3 3 0 27 27 0 18 3 15 16 12 4 30 0 30
24 17 5 12 19 3 16 3 3 0 27 27 0 16 6 10 16 5 11 26 0 26
25 10 4 6 12 2 10 3 3 0 20 20 0 12 2 10 11 7 4 23 0 23
26 12 4 8 14 2 12 3 3 0 17 17 0 14 5 9 11 6 5 20 0 20
27 11 5 6 13 3 10 3 3 0 22 22 0 12 6 6 13 5 8 33 0 33
28 9 3 6 9 3 6 3 3 0 14 14 0 8 5 3 9 4 5 22 0 22
29 12 3 9 13 2 11 3 3 0 13 13 0 13 2 11 11 7 4 18 0 18
30 7 2 5 7 2 5 3 3 0 14 14 0 7 2 5 8 4 4 19 0 19
10 42 9 33 48 3 45 3 3 0 61 61 0 42 11 31 37 23 14 70 0 70
11 36 6 30 39 3 36 3 3 0 49 49 0 38 7 31 32 12 20 60 0 60
12 36 3 33 38 1 37 3 3 0 44 44 0 32 10 22 27 15 12 46 0 46
13 28 6 22 31 3 28 3 3 0 57 57 0 31 3 28 21 15 6 59 0 59
14 27 5 22 31 1 30 3 3 0 32 32 0 29 6 23 21 14 7 34 0 34
15 23 4 19 25 2 23 3 3 0 35 35 0 23 8 15 19 6 13 30 0 30
16 22 5 17 24 3 21 3 3 0 28 28 0 24 3 21 20 16 4 42 0 42
17 25 5 20 27 3 24 3 3 0 31 31 0 23 5 18 20 13 7 35 0 35
18 18 3 15 18 3 15 3 3 0 24 24 0 18 5 13 16 11 5 35 0 35
19 17 6 11 20 3 17 3 3 0 32 32 0 19 5 14 16 9 7 39 0 39
20 15 6 9 18 3 15 3 3 0 25 25 0 18 3 15 16 7 9 33 0 33
21 14 3 11 16 1 15 3 3 0 24 24 0 16 1 15 13 8 5 18 0 18
22 14 3 11 16 1 15 3 3 0 26 26 0 15 4 11 11 6 5 27 0 27
23 17 3 14 18 2 16 3 3 0 23 23 0 16 6 10 14 5 9 26 0 26
24 10 4 6 12 2 10 3 3 0 23 23 0 12 2 10 13 7 6 14 0 14
25 11 4 7 13 2 11 3 3 0 26 26 0 13 5 8 14 4 10 20 0 20
26 11 3 8 11 3 8 3 3 0 17 17 0 11 3 8 10 5 5 25 0 25
27 13 4 9 14 3 11 3 3 0 24 24 0 14 6 8 11 7 4 27 0 27
28 9 5 4 11 3 8 3 3 0 23 23 0 12 5 7 15 4 11 24 0 24
29 9 3 6 10 2 8 3 3 0 17 17 0 10 2 8 9 4 5 21 0 21
30 11 6 5 14 3 11 3 3 0 23 23 0 13 5 8 12 5 7 25 0 25
10 46 7 39 51 2 49 3 3 0 56 56 0 41 12 29 34 22 12 63 0 63
11 39 3 36 40 2 38 3 3 0 52 52 0 37 8 29 33 21 12 56 0 56
12 34 12 22 44 2 42 3 3 0 53 53 0 38 12 26 28 19 9 49 0 49
13 31 7 24 36 2 34 3 3 0 43 43 0 31 10 21 28 15 13 41 0 41
14 28 9 19 34 3 31 3 3 0 40 40 0 34 13 21 20 16 4 45 0 45
15 23 3 20 24 2 22 3 3 0 31 31 0 24 7 17 20 14 6 37 0 37
16 21 5 16 24 2 22 3 3 0 28 28 0 22 8 14 16 9 7 36 0 36
17 23 5 18 26 2 24 3 3 0 36 36 0 20 7 13 22 10 12 31 0 31
18 19 3 16 20 2 18 3 3 0 30 30 0 23 7 16 15 10 5 32 0 32
19 20 3 17 20 3 17 3 3 0 37 37 0 19 5 14 18 10 8 33 0 33
20 19 3 16 20 2 18 3 3 0 33 33 0 19 6 13 14 8 6 27 0 27
21 14 4 10 16 2 14 3 3 0 16 16 0 14 4 10 12 9 3 24 0 24
22 11 4 7 12 3 9 3 3 0 16 16 0 10 6 4 23 3 20 30 0 30
23 17 3 14 17 3 14 3 3 0 26 26 0 18 8 10 20 9 11 36 0 36
24 13 5 8 15 3 12 3 3 0 24 24 0 15 7 8 12 7 5 25 0 25
25 14 3 11 14 3 11 3 3 0 32 32 0 15 6 9 11 8 3 25 0 25
26 11 4 7 13 2 11 3 3 0 22 22 0 13 5 8 13 4 9 20 0 20
27 13 3 10 13 3 10 3 3 0 22 22 0 13 3 10 15 5 10 19 0 19
28 9 5 4 11 3 8 3 3 0 26 26 0 11 3 8 9 5 4 30 0 30
29 11 2 9 12 1 11 3 3 0 14 14 0 12 1 11 11 4 7 19 0 19
30 5 3 2 5 3 2 3 3 0 18 18 0 5 3 2 12 2 10 16 0 16
10 51 5 46 54 2 52 3 3 0 56 56 0 46 12 34 38 24 14 57 0 57
11 38 9 29 45 2 43 3 3 0 48 48 0 39 8 31 31 15 16 49 0 49
12 26 6 20 31 1 30 3 3 0 44 44 0 31 1 30 27 12 15 38 0 38
13 30 6 24 34 2 32 3 3 0 52 52 0 34 11 23 19 15 4 54 0 54
14 23 7 16 28 2 26 3 3 0 36 36 0 24 8 16 18 10 8 49 0 49
15 20 6 14 23 3 20 3 3 0 32 32 0 24 8 16 15 10 5 42 0 42
16 23 7 16 27 3 24 3 3 0 41 41 0 27 3 24 20 12 8 36 0 36
17 20 6 14 23 3 20 3 3 0 40 40 0 22 7 15 19 7 12 33 0 33
18 17 4 13 19 2 17 3 3 0 27 27 0 19 6 13 12 9 3 31 0 31
19 21 6 15 24 3 21 3 3 0 28 28 0 23 10 13 19 10 9 34 0 34
20 16 6 10 20 2 18 3 3 0 26 26 0 20 2 18 15 7 8 27 0 27
21 14 4 10 16 2 14 3 3 0 27 27 0 15 4 11 11 10 1 26 0 26
22 16 6 10 19 3 16 3 3 0 29 29 0 19 3 16 16 8 8 32 0 32
23 14 5 9 16 3 13 3 3 0 21 21 0 14 6 8 15 8 7 26 0 26
24 15 5 10 17 3 14 3 3 0 24 24 0 16 5 11 15 5 10 24 0 24
25 13 6 7 16 3 13 3 3 0 20 20 0 16 6 10 13 7 6 29 0 29
26 9 5 4 12 2 10 3 3 0 25 25 0 12 2 10 13 6 7 22 0 22
27 12 5 7 14 3 11 3 3 0 30 30 0 14 3 11 14 6 8 18 0 18
28 11 4 7 13 2 11 3 3 0 26 26 0 13 2 11 12 6 6 17 0 17
29 9 4 5 11 2 9 3 3 0 16 16 0 11 2 9 9 5 4 17 0 17
30 11 4 7 12 3 9 3 3 0 26 26 0 12 3 9 8 5 3 24 0 24
10 41 5 36 44 2 42 3 3 0 64 64 0 39 12 27 34 20 14 65 0 65
11 38 3 35 40 1 39 3 3 0 53 53 0 35 8 27 32 15 17 43 0 43
12 35 3 32 36 2 34 3 3 0 46 46 0 32 7 25 28 11 17 47 0 47
13 30 4 26 31 3 28 3 3 0 45 45 0 32 9 23 24 10 14 42 0 42
14 28 8 20 34 2 32 3 3 0 45 45 0 25 8 17 19 11 8 49 0 49
15 29 4 25 31 2 29 3 3 0 33 33 0 23 9 14 20 12 8 42 0 42
16 22 4 18 24 2 22 3 3 0 33 33 0 22 5 17 17 10 7 33 0 33
17 24 5 19 27 2 25 3 3 0 37 37 0 25 8 17 22 10 12 32 0 32
18 24 6 18 27 3 24 3 3 0 25 25 0 23 7 16 19 11 8 36 0 36
19 20 6 14 24 2 22 3 3 0 25 25 0 25 7 18 17 8 9 26 0 26
20 19 6 13 23 2 21 3 3 0 30 30 0 22 8 14 18 11 7 31 0 31
21 13 5 8 15 3 12 3 3 0 27 27 0 15 3 12 13 10 3 27 0 27
22 10 3 7 11 2 9 3 3 0 27 27 0 11 2 9 19 4 15 28 0 28
23 12 4 8 13 3 10 3 3 0 27 27 0 13 3 10 11 6 5 23 0 23
24 13 5 8 16 2 14 3 3 0 24 24 0 16 4 12 12 5 7 29 0 29
25 15 4 11 16 3 13 3 3 0 22 22 0 16 5 11 13 8 5 35 0 35
26 12 6 6 15 3 12 3 3 0 22 22 0 15 5 10 16 5 11 25 0 25
27 13 5 8 15 3 12 3 3 0 19 19 0 15 3 12 17 8 9 19 0 19
28 12 5 7 14 3 11 3 3 0 23 23 0 12 6 6 12 7 5 23 0 23
29 10 4 6 11 3 8 3 3 0 20 20 0 11 3 8 9 7 2 17 0 17
30 8 4 4 9 3 6 3 3 0 22 22 0 9 3 6 8 5 3 20 0 20
10 35 4 31 37 2 35 3 3 0 59 59 0 36 4 32 31 15 16 57 0 57
11 39 5 34 43 1 42 3 3 0 49 49 0 43 9 34 36 17 19 48 0 48
12 38 4 34 42 0 42 3 3 0 51 51 0 36 8 28 33 13 20 42 0 42
13 29 5 24 31 3 28 3 3 0 43 43 0 31 3 28 32 15 17 50 0 50
14 28 6 22 31 3 28 3 3 0 46 46 0 29 6 23 25 17 8 47 0 47
15 25 7 18 29 3 26 3 3 0 38 38 0 29 3 26 21 15 6 48 0 48
16 26 6 20 30 2 28 3 3 0 32 32 0 23 9 14 18 12 6 37 0 37
17 22 5 17 24 3 21 3 3 0 35 35 0 24 3 21 20 12 8 40 0 40
18 24 4 20 25 3 22 3 3 0 28 28 0 26 9 17 21 11 10 36 0 36
19 18 5 13 20 3 17 3 3 0 33 33 0 19 7 12 17 10 7 35 0 35
20 17 4 13 19 2 17 3 3 0 29 29 0 16 7 9 15 5 10 29 0 29
21 15 7 8 19 3 16 3 3 0 31 31 0 19 3 16 16 9 7 40 0 40
22 17 7 10 21 3 18 3 3 0 31 31 0 17 9 8 13 8 5 37 0 37
23 16 5 11 18 3 15 3 3 0 25 25 0 16 7 9 12 10 2 28 0 28
24 15 4 11 17 2 15 3 3 0 23 23 0 17 2 15 15 8 7 21 0 21
25 12 4 8 13 3 10 3 3 0 33 33 0 13 3 10 12 7 5 32 0 32
26 13 5 8 15 3 12 3 3 0 23 23 0 17 6 11 11 8 3 25 0 25
27 13 4 9 14 3 11 3 3 0 22 22 0 13 5 8 10 7 3 30 0 30
28 14 4 10 16 2 14 3 3 0 20 20 0 14 4 10 11 7 4 21 0 21
29 12 4 8 13 3 10 3 3 0 18 18 0 12 6 6 11 6 5 20 0 20
30 11 5 6 13 3 10 3 3 0 22 22 0 13 3 10 12 5 7 19 0 19
10 46 8 38 51 3 48 3 3 0 59 59 0 40 15 25 38 20 18 66 0 66
11 35 7 28 40 2 38 3 3 0 45 45 0 37 6 31 27 13 14 56 0 56
12 34 9 25 41 2 39 3 3 0 53 53 0 32 8 24 29 17 12 48 0 48
13 33 6 27 37 2 35 3 3 0 42 42 0 29 9 20 25 10 15 48 0 48
14 30 7 23 35 2 33 3 3 0 38 38 0 24 10 14 22 10 12 38 0 38
15 28 4 24 30 2 28 3 3 0 35 35 0 29 11 18 24 12 12 32 0 32
16 25 3 22 25 3 22 3 3 0 39 39 0 22 9 13 21 13 8 37 0 37
17 21 5 16 23 3 20 3 3 0 37 37 0 22 5 17 24 11 13 46 0 46
18 21 4 17 23 2 21 3 3 0 27 27 0 23 7 16 16 10 6 29 0 29
19 15 7 8 19 3 16 3 3 0 28 28 0 19 3 16 14 9 5 38 0 38
20 17 6 11 20 3 17 3 3 0 33 33 0 20 3 17 18 11 7 38 0 38
21 13 4 9 15 2 13 3 3 0 28 28 0 15 2 13 14 9 5 33 0 33
22 16 4 12 18 2 16 3 3 0 28 28 0 19 6 13 18 7 11 28 0 28
23 14 5 9 16 3 13 3 3 0 31 31 0 16 3 13 12 9 3 40 0 40
24 13 5 8 15 3 12 3 3 0 30 30 0 15 3 12 13 6 7 33 0 33
25 15 4 11 16 3 13 3 3 0 25 25 0 16 5 11 11 8 3 30 0 30
26 9 3 6 10 2 8 3 3 0 27 27 0 10 2 8 10 5 5 16 0 16
27 13 3 10 13 3 10 3 3 0 17 17 0 12 5 7 8 5 3 23 0 23
28 10 4 6 12 2 10 3 3 0 18 18 0 12 2 10 12 7 5 21 0 21
29 10 3 7 10 3 7 3 3 0 29 29 0 10 3 7 13 5 8 25 0 25
30 9 6 3 12 3 9 3 3 0 25 25 0 12 3 9 10 6 4 33 0 33
10 42 6 36 46 2 44 3 3 0 59 59 0 34 12 22 31 12 19 56 0 56
11 38 9 29 45 2 43 3 3 0 59 59 0 36 12 24 28 21 7 57 0 57
12 34 6 28 38 2 36 3 3 0 61 61 0 32 9 23 31 16 15 47 0 47
13 33 5 28 36 2 34 3 3 0 43 43 0 39 9 30 21 15 6 47 0 47
14 27 7 20 32 2 30 3 3 0 40 40 0 32 2 30 25 11 14 40 0 40
15 27 4 23 29 2 27 3 3 0 33 33 0 29 9 20 21 11 10 42 0 42
16 26 5 21 28 3 25 3 3 0 33 33 0 26 11 15 18 11 7 43 0 43
17 19 7 12 23 3 20 3 3 0 34 34 0 19 9 10 19 9 10 43 0 43
18 20 6 14 23 3 20 3 3 0 25 25 0 23 5 18 19 9 10 34 0 34
19 22 6 16 25 3 22 3 3 0 33 33 0 23 7 16 21 11 10 36 0 36
20 14 6 8 17 3 14 3 3 0 30 30 0 17 3 14 17 8 9 37 0 37
21 17 5 12 19 3 16 3 3 0 26 26 0 18 6 12 14 8 6 31 0 31
22 17 5 12 19 3 16 3 3 0 28 28 0 19 3 16 19 10 9 26 0 26
23 12 4 8 15 1 14 3 3 0 22 22 0 13 4 9 12 7 5 17 0 17
24 15 6 9 18 3 15 3 3 0 25 25 0 13 7 6 12 8 4 24 0 24
25 12 3 9 12 3 9 3 3 0 22 22 0 12 3 9 10 7 3 29 0 29
26 15 3 12 15 3 12 3 3 0 35 35 0 14 5 9 15 8 7 36 0 36
27 10 5 5 12 3 9 3 3 0 23 23 0 10 6 4 8 7 1 29 0 29
28 11 4 7 12 3 9 3 3 0 20 20 0 12 6 6 11 6 5 18 0 18
29 11 3 8 12 2 10 3 3 0 20 20 0 11 4 7 15 6 9 25 0 25
30 10 3 7 10 3 7 3 3 0 17 17 0 10 3 7 12 5 7 18 0 18
10 44 5 39 48 1 47 3 3 0 59 59 0 40 9 31 32 14 18 56 0 56
11 40 5 35 44 1 43 3 3 0 53 53 0 44 1 43 31 16 15 46 0 46
12 35 6 29 39 2 37 3 3 0 56 56 0 35 6 29 31 16 15 54 0 54
13 28 9 19 35 2 33 3 3 0 42 42 0 34 4 30 28 14 14 43 0 43
14 30 3 27 31 2 29 3 3 0 46 46 0 25 10 15 22 9 13 34 0 34
15 27 6 21 30 3 27 3 3 0 44 44 0 30 3 27 26 12 14 49 0 49
16 26 6 20 29 3 26 3 3 0 39 39 0 27 9 18 20 13 7 41 0 41
17 18 5 13 21 2 19 3 3 0 25 25 0 21 2 19 14 12 2 35 0 35
18 23 7 16 28 2 26 3 3 0 29 29 0 27 7 20 21 9 12 33 0 33
19 17 7 10 21 3 18 3 3 0 28 28 0 21 8 13 16 9 7 33 0 33
20 16 5 11 19 2 17 3 3 0 27 27 0 17 5 12 14 10 4 29 0 29
21 14 3 11 15 2 13 3 3 0 30 30 0 14 4 10 14 7 7 23 0 23
22 14 4 10 16 2 14 3 3 0 27 27 0 15 4 11 14 6 8 24 0 24
23 16 6 10 19 3 16 3 3 0 23 23 0 18 5 13 13 10 3 28 0 28
24 14 4 10 15 3 12 3 3 0 23 23 0 15 5 10 16 8 8 28 0 28
25 14 5 9 16 3 13 3 3 0 31 31 0 16 3 13 13 9 4 25 0 25
26 10 3 7 11 2 9 3 3 0 18 18 0 9 5 4 10 6 4 23 0 23
27 10 6 4 14 2 12 3 3 0 19 19 0 16 5 11 15 4 11 19 0 19
28 12 5 7 14 3 11 3 3 0 18 18 0 14 3 11 13 6 7 22 0 22
29 10 7 3 14 3 11 3 3 0 17 17 0 14 3 11 12 6 6 23 0 23
30 10 2 8 10 2 8 3 3 0 21 21 0 10 2 8 11 6 5 14 0 14
