3 0.0027197376 0.001237433 0.0001266957 0.00017982340000000002
4 0.0028403887500000006 0.00118575855 0.00014427730000000002 0.00020499010000000003
5 0.0023428844499999994 0.0014017684 0.00013117425 0.0001935874
6 0.0024324814 0.0012346526 0.00013084215000000004 0.00017689049999999998
7 0.0021776300499999996 0.0011463245999999998 0.00013465875000000005 0.0001713123
8 0.0022353086 0.00120461185 0.00012909020000000004 0.00018314460000000004
9 0.00246315905 0.00114780215 0.0001267236 0.0001726071
10 0.0025276842999999998 0.0012209333500000001 0.00015708570000000003 0.00018142165000000003
11 0.0027139182999999997 0.0019701080499999997 0.00013740945000000003 0.00018118865000000002
12 0.0021957340999999996 0.0011577272500000002 0.00012768629999999995 0.00017705994999999997
13 0.0027119877 0.0014870458 0.00013093414999999997 0.00018586925
14 0.0033107059500000003 0.0017337995000000002 0.00016206060000000002 0.00023191230000000002
15 0.0024490644 0.0011740866000000002 0.00012655560000000003 0.0001891088
16 0.00271171865 0.0013228415500000001 0.0001328538 0.00022146125
17 0.0023453770999999997 0.0013007867000000002 0.00014728610000000003 0.0002957182
18 0.003871140199999999 0.0013379388500000002 0.00016066515000000002 0.0007151836999999999
19 0.0022801122 0.00131267515 0.00018065260000000002 0.0010986373500000003
20 0.0030544059000000004 0.0017411979000000002 0.00022507739999999996 0.0013916474
21 0.004978126850000001 0.00269896155 0.0003197921 0.0035414772000000004
22 0.004472121250000001 0.0022885216500000004 0.00046698450000000016 0.00232163945
23 0.00451461645 0.0022582197000000004 0.0007997868000000002 0.0031445558999999997
24 0.0060138713 0.00259962965 0.0015352367499999998 0.0057804173
25 0.004865398700000001 0.0030891674499999994 0.0027397456499999996 0.010894845350000001
26 0.0054556097 0.003998851599999999 0.005239799499999999 0.020714429299999997
27 0.00577761075 0.0028692100999999992 0.010333400250000001 0.04029465905
28 0.019809837950000003 0.0031628638 0.02055495995 0.14647380175000002
29 0.005851164550000001 0.0028878880499999997 0.040766339949999994 0.35673489120000007
30 0.009248965199999999 0.0034600239499999997 0.0814404988 0.7910064017
