10 0.01311945915222168
11 0.011662006378173828
12 0.01045680046081543
13 0.011855840682983398
14 0.009878873825073242
15 0.010328531265258789
16 0.01044154167175293
17 0.014373302459716797
18 0.01458430290222168
19 0.015035152435302734
20 0.02115011215209961
21 0.021599769592285156
22 0.03664660453796387
23 0.04393434524536133
24 0.0764455795288086
25 0.10729694366455078
26 0.14888262748718262
27 0.3701338768005371
28 0.7926187515258789
29 1.468163251876831
30 1.3334980010986328
10 0.012293577194213867
11 0.01126718521118164
12 0.010502099990844727
13 0.010268926620483398
14 0.01140594482421875
15 0.009665966033935547
16 0.010848760604858398
17 0.012188434600830078
18 0.014902114868164062
19 0.021396160125732422
20 0.02811264991760254
21 0.02733135223388672
22 0.03130912780761719
23 0.05359363555908203
24 0.09453392028808594
25 0.08028841018676758
26 0.17546415328979492
27 0.2765083312988281
28 0.6036331653594971
29 1.6167263984680176
30 1.4818766117095947
10 0.011477231979370117
11 0.010800361633300781
12 0.010393857955932617
13 0.011200904846191406
14 0.00993800163269043
15 0.012329578399658203
16 0.010336875915527344
17 0.014099836349487305
18 0.015060901641845703
19 0.020307064056396484
20 0.01999640464782715
21 0.027253389358520508
22 0.030405282974243164
23 0.05505657196044922
24 0.06202101707458496
25 0.09543538093566895
26 0.13623619079589844
27 0.36997199058532715
28 0.6341087818145752
29 1.1275489330291748
30 2.2618367671966553
10 0.011496782302856445
11 0.011214256286621094
12 0.011536121368408203
13 0.010359048843383789
14 0.010968685150146484
15 0.010067224502563477
16 0.012837648391723633
17 0.012917280197143555
18 0.013869047164916992
19 0.02148127555847168
20 0.02014446258544922
21 0.020982742309570312
22 0.02689838409423828
23 0.054084062576293945
24 0.07669401168823242
25 0.10771012306213379
26 0.15305423736572266
27 0.36866164207458496
28 0.5497114658355713
29 1.1839313507080078
30 0.9057748317718506
10 0.012673139572143555
11 0.010966300964355469
12 0.010514020919799805
13 0.010793685913085938
14 0.010324954986572266
15 0.0155487060546875
16 0.010480165481567383
17 0.01093745231628418
18 0.013645172119140625
19 0.02332448959350586
20 0.02607107162475586
21 0.025093793869018555
22 0.036954641342163086
23 0.04905200004577637
24 0.08270812034606934
25 0.10313963890075684
26 0.12732458114624023
27 0.35428404808044434
28 0.6813473701477051
29 0.9905016422271729
30 2.629267692565918
10 0.011128664016723633
11 0.014103174209594727
12 0.011290788650512695
13 0.010170698165893555
14 0.010981321334838867
15 0.010011911392211914
16 0.01015615463256836
17 0.00952601432800293
18 0.016676902770996094
19 0.022496938705444336
20 0.021030426025390625
21 0.022890806198120117
22 0.02874588966369629
23 0.046973228454589844
24 0.07629561424255371
25 0.12120342254638672
26 0.18186092376708984
27 0.3943946361541748
28 0.6944317817687988
29 1.162844181060791
30 1.7278649806976318
10 0.011207103729248047
11 0.010891914367675781
12 0.011261224746704102
13 0.010498285293579102
14 0.010300874710083008
15 0.010307073593139648
16 0.01145029067993164
17 0.01398777961730957
18 0.015958070755004883
19 0.020540714263916016
20 0.027184724807739258
21 0.022861480712890625
22 0.04000401496887207
23 0.05371689796447754
24 0.08235645294189453
25 0.08948373794555664
26 0.1818687915802002
27 0.391176700592041
28 0.8251407146453857
29 1.2929439544677734
30 2.5605363845825195
10 0.011726140975952148
11 0.01057577133178711
12 0.011082649230957031
13 0.01056814193725586
14 0.01010751724243164
15 0.010252237319946289
16 0.010552644729614258
17 0.011962652206420898
18 0.014886617660522461
19 0.014361381530761719
20 0.02682662010192871
21 0.021358966827392578
22 0.03127455711364746
23 0.04640340805053711
24 0.07658791542053223
25 0.11069774627685547
26 0.12938356399536133
27 0.3588535785675049
28 0.5960681438446045
29 1.1886448860168457
30 2.025351047515869
10 0.011229276657104492
11 0.011340141296386719
12 0.010599851608276367
13 0.010341405868530273
14 0.012052536010742188
15 0.009955167770385742
16 0.01158761978149414
17 0.011613607406616211
18 0.01575946807861328
19 0.023054122924804688
20 0.025809764862060547
21 0.021691560745239258
22 0.033318281173706055
23 0.0426945686340332
24 0.08197641372680664
25 0.08504986763000488
26 0.21912837028503418
27 0.32904839515686035
28 0.7370643615722656
29 1.1742668151855469
30 2.594883680343628
10 0.01156926155090332
11 0.01103830337524414
12 0.014481544494628906
13 0.009977340698242188
14 0.010131120681762695
15 0.010015487670898438
16 0.0108184814453125
17 0.011286735534667969
18 0.015939950942993164
19 0.018726825714111328
20 0.02377152442932129
21 0.025732040405273438
22 0.027985811233520508
23 0.05234217643737793
24 0.07828402519226074
25 0.10540199279785156
26 0.1431119441986084
27 0.29723334312438965
28 0.7728097438812256
29 1.291583776473999
30 2.648334503173828
