10 0.011526823043823242
11 0.011309623718261719
12 0.010623693466186523
13 0.010590553283691406
14 0.010267257690429688
15 0.010364055633544922
16 0.011099815368652344
17 0.012700557708740234
18 0.018872499465942383
19 0.0185091495513916
20 0.020961999893188477
21 0.022349834442138672
22 0.03977227210998535
23 0.04391837120056152
24 0.08268260955810547
25 0.11057090759277344
26 0.14757680892944336
27 0.3707621097564697
28 0.8576202392578125
29 1.775212287902832
30 1.9375805854797363
10 0.013402938842773438
11 0.011996030807495117
12 0.012092828750610352
13 0.011083602905273438
14 0.010454654693603516
15 0.011585235595703125
16 0.010997772216796875
17 0.011827468872070312
18 0.014909744262695312
19 0.02622079849243164
20 0.03022480010986328
21 0.026432275772094727
22 0.040341854095458984
23 0.0548245906829834
24 0.09801435470581055
25 0.09769463539123535
26 0.20211029052734375
27 0.338367223739624
28 0.6029360294342041
29 1.8620085716247559
30 1.4883177280426025
10 0.012182950973510742
11 0.011317968368530273
12 0.011104822158813477
13 0.010366201400756836
14 0.010755062103271484
15 0.010340690612792969
16 0.010739803314208984
17 0.01335287094116211
18 0.015388727188110352
19 0.022117137908935547
20 0.02332019805908203
21 0.018333911895751953
22 0.038335323333740234
23 0.058031558990478516
24 0.07286286354064941
25 0.11102080345153809
26 0.13649344444274902
27 0.4399991035461426
28 0.711097002029419
29 1.344996690750122
30 3.1511390209198
10 0.011910200119018555
11 0.011276006698608398
12 0.01178598403930664
13 0.010490894317626953
14 0.010846138000488281
15 0.009627819061279297
16 0.010298013687133789
17 0.013354301452636719
18 0.014036417007446289
19 0.02086472511291504
20 0.02595663070678711
21 0.023386478424072266
22 0.031100988388061523
23 0.05374455451965332
24 0.08835458755493164
25 0.10779309272766113
26 0.16319060325622559
27 0.36968445777893066
28 0.6907157897949219
29 1.2535486221313477
30 0.9077298641204834
10 0.012084007263183594
11 0.011862993240356445
12 0.01104426383972168
13 0.010913372039794922
14 0.009727716445922852
15 0.009300947189331055
16 0.01104116439819336
17 0.011586189270019531
18 0.014495372772216797
19 0.02302074432373047
20 0.023027420043945312
21 0.024934768676757812
22 0.04502272605895996
23 0.05095958709716797
24 0.09030747413635254
25 0.13055205345153809
26 0.15351223945617676
27 0.43889307975769043
28 0.8154668807983398
29 1.1119954586029053
30 3.0872344970703125
10 0.011732339859008789
11 0.011228561401367188
12 0.010546445846557617
13 0.010399341583251953
14 0.010278463363647461
15 0.011628150939941406
16 0.010595321655273438
17 0.013421773910522461
18 0.016525983810424805
19 0.024128437042236328
20 0.02405524253845215
21 0.024209260940551758
22 0.028873682022094727
23 0.04631471633911133
24 0.08687067031860352
25 0.12069439888000488
26 0.23714542388916016
27 0.4839620590209961
28 0.7472455501556396
29 1.2419307231903076
30 1.893263816833496
10 0.011693000793457031
11 0.011119365692138672
12 0.015419721603393555
13 0.010394811630249023
14 0.010675191879272461
15 0.010263681411743164
16 0.01227116584777832
17 0.012918949127197266
18 0.016551733016967773
19 0.021511316299438477
20 0.020952224731445312
21 0.027490854263305664
22 0.03644108772277832
23 0.05557656288146973
24 0.0852804183959961
25 0.10058808326721191
26 0.20983409881591797
27 0.4129788875579834
28 0.9335005283355713
29 1.372622013092041
30 2.870218276977539
10 0.012683868408203125
11 0.011390924453735352
12 0.011472702026367188
13 0.010792970657348633
14 0.010523557662963867
15 0.010919570922851562
16 0.010350704193115234
17 0.012620687484741211
18 0.0146942138671875
19 0.014409303665161133
20 0.029501676559448242
21 0.024332523345947266
22 0.03872036933898926
23 0.05124187469482422
24 0.08545970916748047
25 0.11288642883300781
26 0.13696956634521484
27 0.3598635196685791
28 0.6189301013946533
29 1.1834962368011475
30 2.69761061668396
10 0.012169361114501953
11 0.011708974838256836
12 0.011876821517944336
13 0.010603666305541992
14 0.010484933853149414
15 0.010376214981079102
16 0.010844707489013672
17 0.012741565704345703
18 0.015848398208618164
19 0.024528026580810547
20 0.02133488655090332
21 0.02423834800720215
22 0.04589080810546875
23 0.04978775978088379
24 0.09211444854736328
25 0.08469223976135254
26 0.2216479778289795
27 0.3782362937927246
28 0.753889799118042
29 1.320817232131958
30 2.510115623474121
10 0.011687755584716797
11 0.011669397354125977
12 0.013425111770629883
13 0.012053251266479492
14 0.010638952255249023
15 0.01034998893737793
16 0.01098775863647461
17 0.0127105712890625
18 0.018588542938232422
19 0.01944279670715332
20 0.01908397674560547
21 0.02589249610900879
22 0.03349041938781738
23 0.053243398666381836
24 0.08325934410095215
25 0.11418652534484863
26 0.14507269859313965
27 0.36717700958251953
28 0.9501752853393555
29 1.7625725269317627
30 2.413728713989258
