10 0.01431417465209961
11 0.014931201934814453
12 0.013620376586914062
13 0.012189865112304688
14 0.011638641357421875
15 0.01050710678100586
16 0.01244354248046875
17 0.019048690795898438
18 0.016336917877197266
19 0.02759265899658203
20 0.02860116958618164
21 0.038837432861328125
22 0.03342580795288086
23 0.04729819297790527
24 0.15114641189575195
25 0.19408822059631348
26 0.3113393783569336
27 0.6118204593658447
28 1.3471667766571045
29 2.8454790115356445
30 4.451601982116699
10 0.015175819396972656
11 0.014950990676879883
12 0.012120723724365234
13 0.013198375701904297
14 0.013200044631958008
15 0.015836238861083984
16 0.013331174850463867
17 0.013818025588989258
18 0.019463300704956055
19 0.026998281478881836
20 0.028726816177368164
21 0.03164553642272949
22 0.046027421951293945
23 0.06452775001525879
24 0.11176466941833496
25 0.17005205154418945
26 0.2532336711883545
27 0.5238149166107178
28 0.680288553237915
29 1.2268972396850586
30 2.305941104888916
10 0.014732599258422852
11 0.01367950439453125
12 0.01285862922668457
13 0.013904571533203125
14 0.011365652084350586
15 0.0119781494140625
16 0.010860919952392578
17 0.015307426452636719
18 0.018621444702148438
19 0.02610325813293457
20 0.027336835861206055
21 0.03061199188232422
22 0.04454326629638672
23 0.06309223175048828
24 0.11542057991027832
25 0.23186707496643066
26 0.16576647758483887
27 0.7056608200073242
28 1.3109490871429443
29 2.3668878078460693
30 4.069727897644043
10 0.013635873794555664
11 0.013372182846069336
12 0.013302326202392578
13 0.012216329574584961
14 0.012292146682739258
15 0.011116743087768555
16 0.012489080429077148
17 0.016777753829956055
18 0.018558502197265625
19 0.033683061599731445
20 0.029303312301635742
21 0.02382493019104004
22 0.04350996017456055
23 0.06563138961791992
24 0.10869860649108887
25 0.20241737365722656
26 0.3574509620666504
27 0.6181373596191406
28 1.277902364730835
29 1.7407662868499756
30 4.122506856918335
10 0.014278411865234375
11 0.014051437377929688
12 0.013044118881225586
13 0.014949798583984375
14 0.013484954833984375
15 0.011356592178344727
16 0.013368844985961914
17 0.01633286476135254
18 0.01932835578918457
19 0.025479555130004883
20 0.03353548049926758
21 0.02933478355407715
22 0.04090476036071777
23 0.06168103218078613
24 0.11380982398986816
25 0.17049574851989746
26 0.3630220890045166
27 0.7315750122070312
28 1.6647813320159912
29 1.9675300121307373
30 5.1462624073028564
10 0.015550613403320312
11 0.01376199722290039
12 0.012811899185180664
13 0.012984275817871094
14 0.013609170913696289
15 0.01169586181640625
16 0.012848377227783203
17 0.015093803405761719
18 0.01875138282775879
19 0.025341510772705078
20 0.027201414108276367
21 0.030938148498535156
22 0.04733157157897949
23 0.06619548797607422
24 0.1176292896270752
25 0.14419054985046387
26 0.30387258529663086
27 0.5900058746337891
28 1.2484424114227295
29 2.305875778198242
30 5.233316898345947
10 0.014136075973510742
11 0.01692938804626465
12 0.013507604598999023
13 0.013042211532592773
14 0.01271677017211914
15 0.012359857559204102
16 0.011857271194458008
17 0.015854835510253906
18 0.011609315872192383
19 0.031089305877685547
20 0.03401541709899902
21 0.03220033645629883
22 0.0539555549621582
23 0.06854534149169922
24 0.11007475852966309
25 0.2622346878051758
26 0.37375926971435547
27 0.5173821449279785
28 1.2550017833709717
29 1.849898099899292
30 5.151891231536865
10 0.014216184616088867
11 0.01311492919921875
12 0.013857126235961914
13 0.012981176376342773
14 0.011899471282958984
15 0.011327743530273438
16 0.014519214630126953
17 0.0155181884765625
18 0.01645684242248535
19 0.020457983016967773
20 0.02791762351989746
21 0.03407859802246094
22 0.060941219329833984
23 0.08218050003051758
24 0.11051130294799805
25 0.1964433193206787
26 0.3974590301513672
27 0.6246721744537354
28 0.8914694786071777
29 3.6262569427490234
30 4.041036367416382
10 0.014119386672973633
11 0.014069795608520508
12 0.014443159103393555
13 0.012289285659790039
14 0.012588024139404297
15 0.011358499526977539
16 0.0131683349609375
17 0.015744686126708984
18 0.02059793472290039
19 0.02669835090637207
20 0.02458930015563965
21 0.026645660400390625
22 0.04746079444885254
23 0.05716443061828613
24 0.11066484451293945
25 0.1690819263458252
26 0.435687780380249
27 0.8039631843566895
28 1.3137850761413574
29 2.3172481060028076
30 3.58579421043396
10 0.014190196990966797
11 0.013898611068725586
12 0.013833045959472656
13 0.013117074966430664
14 0.012740373611450195
15 0.01273036003112793
16 0.014039754867553711
17 0.01290273666381836
18 0.019290447235107422
19 0.02462458610534668
20 0.028652667999267578
21 0.040697336196899414
22 0.054987430572509766
23 0.07099485397338867
24 0.09608054161071777
25 0.22130680084228516
26 0.286191463470459
27 0.5473260879516602
28 1.0803468227386475
29 1.947171926498413
30 5.188043117523193
