10 0.007127523422241211
11 0.0073261260986328125
12 0.007603883743286133
13 0.007574319839477539
14 0.0072345733642578125
15 0.007224082946777344
16 0.007640361785888672
17 0.008603096008300781
18 0.008356094360351562
19 0.009064197540283203
20 0.010615110397338867
21 0.013772964477539062
22 0.01905512809753418
23 0.028890371322631836
24 0.04598832130432129
25 0.03313493728637695
26 0.0557408332824707
27 0.1007850170135498
28 0.19328784942626953
29 0.37721800804138184
30 0.7477996349334717
10 0.0074384212493896484
11 0.007632732391357422
12 0.00719904899597168
13 0.007502555847167969
14 0.007473945617675781
15 0.007913589477539062
16 0.0075724124908447266
17 0.007875204086303711
18 0.008257865905761719
19 0.009048700332641602
20 0.011249065399169922
21 0.015405416488647461
22 0.021171092987060547
23 0.028773069381713867
24 0.043642520904541016
25 0.03470444679260254
26 0.05739736557006836
27 0.1024010181427002
28 0.1946403980255127
29 0.379119873046875
30 0.7439801692962646
10 0.007272243499755859
11 0.007455110549926758
12 0.007493019104003906
13 0.007306814193725586
14 0.008269548416137695
15 0.007475614547729492
16 0.007500171661376953
17 0.0076122283935546875
18 0.008270502090454102
19 0.008692741394042969
20 0.011657476425170898
21 0.014316797256469727
22 0.021589279174804688
23 0.03085017204284668
24 0.04551100730895996
25 0.032491207122802734
26 0.05629587173461914
27 0.10307049751281738
28 0.19379830360412598
29 0.37923717498779297
30 0.6455321311950684
10 0.007245779037475586
11 0.0075418949127197266
12 0.0074617862701416016
13 0.0071985721588134766
14 0.00757598876953125
15 0.011459827423095703
16 0.007340431213378906
17 0.007452487945556641
18 0.008199930191040039
19 0.009254693984985352
20 0.011823654174804688
21 0.013761281967163086
22 0.02063131332397461
23 0.029658079147338867
24 0.04463958740234375
25 0.03392291069030762
26 0.05511784553527832
27 0.10193777084350586
28 0.19374799728393555
29 0.37801289558410645
30 0.7442970275878906
10 0.007514476776123047
11 0.007535696029663086
12 0.0073566436767578125
13 0.007570981979370117
14 0.011105537414550781
15 0.007504701614379883
16 0.0075206756591796875
17 0.007529020309448242
18 0.008170366287231445
19 0.00885772705078125
20 0.011110782623291016
21 0.013503313064575195
22 0.021043062210083008
23 0.029052734375
24 0.045966148376464844
25 0.0327451229095459
26 0.05584454536437988
27 0.10216212272644043
28 0.19610357284545898
29 0.37540102005004883
30 0.7510883808135986
10 0.0074846744537353516
11 0.008099794387817383
12 0.0075225830078125
13 0.008481502532958984
14 0.007195472717285156
15 0.0075685977935791016
16 0.007485866546630859
17 0.00752711296081543
18 0.009270906448364258
19 0.008941650390625
20 0.010774850845336914
21 0.014589071273803711
22 0.021189451217651367
23 0.030170202255249023
24 0.046225547790527344
25 0.033280134201049805
26 0.05643653869628906
27 0.10225605964660645
28 0.19458746910095215
29 0.37577056884765625
30 0.6708040237426758
10 0.007177591323852539
11 0.007481575012207031
12 0.0077245235443115234
13 0.00823211669921875
14 0.007307291030883789
15 0.007708311080932617
16 0.007535219192504883
17 0.007650852203369141
18 0.007976770401000977
19 0.01020193099975586
20 0.015126943588256836
21 0.013631343841552734
22 0.02202010154724121
23 0.03097987174987793
24 0.045720815658569336
25 0.032475948333740234
26 0.05602288246154785
27 0.10121655464172363
28 0.193434476852417
29 0.37694835662841797
30 0.6575195789337158
10 0.007269144058227539
11 0.007579326629638672
12 0.0074422359466552734
13 0.007578134536743164
14 0.0075168609619140625
15 0.007517099380493164
16 0.007585287094116211
17 0.008333206176757812
18 0.008032560348510742
19 0.009431600570678711
20 0.010872840881347656
21 0.014703750610351562
22 0.019809961318969727
23 0.030500411987304688
24 0.045496463775634766
25 0.0338895320892334
26 0.05631279945373535
27 0.10172152519226074
28 0.19376420974731445
29 0.37601161003112793
30 0.651221513748169
10 0.007630348205566406
11 0.0075778961181640625
12 0.0075588226318359375
13 0.007158041000366211
14 0.008362293243408203
15 0.0072863101959228516
16 0.007337808609008789
17 0.00779414176940918
18 0.012348175048828125
19 0.00914907455444336
20 0.011777162551879883
21 0.013214588165283203
22 0.020213603973388672
23 0.02904367446899414
24 0.04450488090515137
25 0.034889936447143555
26 0.05567622184753418
27 0.10161066055297852
28 0.19434118270874023
29 0.37774133682250977
30 0.6669628620147705
10 0.007116794586181641
11 0.007234096527099609
12 0.0075299739837646484
13 0.007411003112792969
14 0.007292270660400391
15 0.008965015411376953
16 0.0076444149017333984
17 0.007444143295288086
18 0.008000850677490234
19 0.00878286361694336
20 0.010736227035522461
21 0.014928579330444336
22 0.020765304565429688
23 0.029798269271850586
24 0.045012712478637695
25 0.034287214279174805
26 0.05645275115966797
27 0.10218358039855957
28 0.19304633140563965
29 0.37654638290405273
30 0.6578540802001953
