10 0.01170802116394043
11 0.01072239875793457
12 0.010252952575683594
13 0.01053309440612793
14 0.011588335037231445
15 0.009783744812011719
16 0.010312795639038086
17 0.012937784194946289
18 0.016101837158203125
19 0.018645286560058594
20 0.020975112915039062
21 0.0217740535736084
22 0.04233837127685547
23 0.045871734619140625
24 0.08617901802062988
25 0.1104283332824707
26 0.14897370338439941
27 0.36992526054382324
28 0.8436658382415771
29 1.7221286296844482
30 1.8133478164672852
10 0.012475967407226562
11 0.011460304260253906
12 0.010831356048583984
13 0.01108551025390625
14 0.010267019271850586
15 0.010486841201782227
16 0.010675668716430664
17 0.013135433197021484
18 0.013594865798950195
19 0.021034717559814453
20 0.03639078140258789
21 0.028737306594848633
22 0.04123973846435547
23 0.05384683609008789
24 0.08420991897583008
25 0.09773707389831543
26 0.19562959671020508
27 0.3375875949859619
28 0.4795093536376953
29 1.841261386871338
30 1.5201802253723145
10 0.01119232177734375
11 0.011629343032836914
12 0.011007070541381836
13 0.00986933708190918
14 0.01019740104675293
15 0.009589672088623047
16 0.01085972785949707
17 0.012509346008300781
18 0.015250921249389648
19 0.0205841064453125
20 0.023768901824951172
21 0.027919769287109375
22 0.03998684883117676
23 0.04928421974182129
24 0.07260274887084961
25 0.11052918434143066
26 0.1359243392944336
27 0.43894290924072266
28 0.8315989971160889
29 1.2512540817260742
30 2.760831594467163
10 0.01120615005493164
11 0.01118326187133789
12 0.013405799865722656
13 0.011683940887451172
14 0.012353658676147461
15 0.009940385818481445
16 0.010662078857421875
17 0.012405872344970703
18 0.017574548721313477
19 0.019389867782592773
20 0.029628992080688477
21 0.0212099552154541
22 0.029176950454711914
23 0.05449700355529785
24 0.08400726318359375
25 0.1141667366027832
26 0.16828179359436035
27 0.3701176643371582
28 0.7015774250030518
29 1.2063939571380615
30 0.9062211513519287
10 0.011816024780273438
11 0.011459589004516602
12 0.010468482971191406
13 0.010645866394042969
14 0.009685516357421875
15 0.01256871223449707
16 0.010825634002685547
17 0.011862993240356445
18 0.016032934188842773
19 0.02316570281982422
20 0.02331256866455078
21 0.024229764938354492
22 0.044448137283325195
23 0.04823899269104004
24 0.08969736099243164
25 0.13029980659484863
26 0.15415143966674805
27 0.4394218921661377
28 0.8178904056549072
29 1.112764835357666
30 2.982938051223755
10 0.011174440383911133
11 0.01104879379272461
12 0.018989086151123047
13 0.010312318801879883
14 0.009644508361816406
15 0.009662628173828125
16 0.010270833969116211
17 0.012710094451904297
18 0.01548910140991211
19 0.02307295799255371
20 0.03468608856201172
21 0.02440476417541504
22 0.027173995971679688
23 0.0483551025390625
24 0.08846735954284668
25 0.12044930458068848
26 0.22909951210021973
27 0.4835383892059326
28 0.7374458312988281
29 1.2419803142547607
30 1.7855570316314697
10 0.012131452560424805
11 0.011611461639404297
12 0.010958194732666016
13 0.010512590408325195
14 0.014239788055419922
15 0.010439634323120117
16 0.011944770812988281
17 0.022732019424438477
18 0.016378164291381836
19 0.020296573638916016
20 0.020640134811401367
21 0.026787996292114258
22 0.04003500938415527
23 0.05116772651672363
24 0.08802366256713867
25 0.1000068187713623
26 0.22963547706604004
27 0.3424959182739258
28 0.6905195713043213
29 1.312617301940918
30 2.876518964767456
10 0.0123443603515625
11 0.011015892028808594
12 0.010768890380859375
13 0.01062774658203125
14 0.01051020622253418
15 0.011116266250610352
16 0.010444879531860352
17 0.011974096298217773
18 0.021961212158203125
19 0.014714717864990234
20 0.023323774337768555
21 0.02466750144958496
22 0.039834022521972656
23 0.05026555061340332
24 0.08471274375915527
25 0.11422228813171387
26 0.1384260654449463
27 0.33913111686706543
28 0.6200675964355469
29 1.2374458312988281
30 2.8372879028320312
10 0.0103912353515625
11 0.010738372802734375
12 0.010765790939331055
13 0.010993719100952148
14 0.010299444198608398
15 0.01069021224975586
16 0.011198043823242188
17 0.01183009147644043
18 0.017634153366088867
19 0.019215106964111328
20 0.021231412887573242
21 0.024686574935913086
22 0.04543709754943848
23 0.048532724380493164
24 0.07639217376708984
25 0.08475685119628906
26 0.2137904167175293
27 0.3537333011627197
28 0.7593381404876709
29 1.347337007522583
30 2.595614433288574
10 0.011548280715942383
11 0.011668920516967773
12 0.010881423950195312
13 0.01184535026550293
14 0.009687185287475586
15 0.010567903518676758
16 0.010948657989501953
17 0.013582468032836914
18 0.01696610450744629
19 0.021165132522583008
20 0.01971912384033203
21 0.019552230834960938
22 0.028689146041870117
23 0.055405616760253906
24 0.08315038681030273
25 0.10890579223632812
26 0.14546513557434082
27 0.40438294410705566
28 0.9455616474151611
29 1.686293601989746
30 2.6806023120880127
