10 0.015847206115722656
11 0.014735698699951172
12 0.012076139450073242
13 0.012299776077270508
14 0.010941267013549805
15 0.011106729507446289
16 0.011850118637084961
17 0.015709638595581055
18 0.0224151611328125
19 0.0318608283996582
20 0.030416011810302734
21 0.03730940818786621
22 0.038892269134521484
23 0.06165647506713867
24 0.09958839416503906
25 0.2984340190887451
26 0.4236598014831543
27 0.4931521415710449
28 1.0278804302215576
29 2.7677347660064697
30 4.437174081802368
10 0.013957738876342773
11 0.014288187026977539
12 0.013150215148925781
13 0.013675928115844727
14 0.012004852294921875
15 0.012360811233520508
16 0.014028549194335938
17 0.014777660369873047
18 0.021726369857788086
19 0.024457693099975586
20 0.02077937126159668
21 0.03479170799255371
22 0.0505375862121582
23 0.06910181045532227
24 0.11384367942810059
25 0.16815590858459473
26 0.3114931583404541
27 0.8893256187438965
28 1.1807022094726562
29 2.751767873764038
30 3.3211140632629395
10 0.014923810958862305
11 0.01348733901977539
12 0.011492729187011719
13 0.013569831848144531
14 0.010253190994262695
15 0.010100126266479492
16 0.013045310974121094
17 0.014002084732055664
18 0.01687002182006836
19 0.02634882926940918
20 0.03875088691711426
21 0.023893356323242188
22 0.04271745681762695
23 0.06624126434326172
24 0.07772183418273926
25 0.17150378227233887
26 0.30855345726013184
27 0.869422197341919
28 1.3811900615692139
29 3.2010927200317383
30 5.213528156280518
10 0.012941598892211914
11 0.013167381286621094
12 0.011991500854492188
13 0.014025211334228516
14 0.012517929077148438
15 0.010785341262817383
16 0.0119781494140625
17 0.01420736312866211
18 0.019846677780151367
19 0.0302884578704834
20 0.02512836456298828
21 0.030427217483520508
22 0.049387216567993164
23 0.08912467956542969
24 0.12751054763793945
25 0.18214893341064453
26 0.335796594619751
27 0.5078222751617432
28 1.6408984661102295
29 1.8338348865509033
30 4.231566429138184
10 0.01257014274597168
11 0.012560129165649414
12 0.011880874633789062
13 0.01253652572631836
14 0.011654138565063477
15 0.011128664016723633
16 0.01223897933959961
17 0.014000177383422852
18 0.019290447235107422
19 0.03312230110168457
20 0.02986288070678711
21 0.03156471252441406
22 0.04808354377746582
23 0.06275820732116699
24 0.1053004264831543
25 0.20310616493225098
26 0.26833438873291016
27 0.5085554122924805
28 1.0238358974456787
29 2.3064634799957275
30 5.8128063678741455
10 0.013343572616577148
11 0.011253833770751953
12 0.01558685302734375
13 0.011926889419555664
14 0.011947870254516602
15 0.014372587203979492
16 0.012156963348388672
17 0.01409769058227539
18 0.017648696899414062
19 0.02522730827331543
20 0.02793097496032715
21 0.03618597984313965
22 0.04429316520690918
23 0.06549620628356934
24 0.14042019844055176
25 0.22676563262939453
26 0.39972567558288574
27 0.5454721450805664
28 1.3743791580200195
29 1.8770134449005127
30 5.792609691619873
10 0.01254892349243164
11 0.011833667755126953
12 0.011499643325805664
13 0.013036012649536133
14 0.012476205825805664
15 0.012130975723266602
16 0.012268304824829102
17 0.013729572296142578
18 0.021502971649169922
19 0.02322530746459961
20 0.031064987182617188
21 0.034992218017578125
22 0.05154252052307129
23 0.07031035423278809
24 0.09386730194091797
25 0.23288917541503906
26 0.3574652671813965
27 0.8159008026123047
28 1.0984876155853271
29 2.321481704711914
30 5.121016502380371
10 0.013399600982666016
11 0.01309061050415039
12 0.011752605438232422
13 0.01158905029296875
14 0.010956525802612305
15 0.010323286056518555
16 0.012779951095581055
17 0.017441511154174805
18 0.018973827362060547
19 0.037441253662109375
20 0.03866839408874512
21 0.030080556869506836
22 0.05218076705932617
23 0.07850265502929688
24 0.14476561546325684
25 0.2289111614227295
26 0.2530028820037842
27 0.720862865447998
28 0.9658734798431396
29 2.871417284011841
30 7.629910945892334
10 0.012439727783203125
11 0.012617826461791992
12 0.011566400527954102
13 0.012571573257446289
14 0.010954856872558594
15 0.011113643646240234
16 0.012580394744873047
17 0.015992164611816406
18 0.017627716064453125
19 0.03168773651123047
20 0.03713250160217285
21 0.034363746643066406
22 0.04418373107910156
23 0.05544114112854004
24 0.10718631744384766
25 0.20393776893615723
26 0.6162900924682617
27 0.9543838500976562
28 1.1364376544952393
29 2.7077345848083496
30 3.900491714477539
10 0.01293635368347168
11 0.011356353759765625
12 0.015379190444946289
13 0.011422395706176758
14 0.010407447814941406
15 0.012231588363647461
16 0.01392984390258789
17 0.015470266342163086
18 0.018164634704589844
19 0.02730417251586914
20 0.021665096282958984
21 0.03714585304260254
22 0.048686981201171875
23 0.07034039497375488
24 0.1155390739440918
25 0.17247605323791504
26 0.2461707592010498
27 0.529292106628418
28 1.5048301219940186
29 2.858595132827759
30 2.9188077449798584
