10 0.010447025299072266
11 0.014842987060546875
12 0.012533187866210938
13 0.009910345077514648
14 0.010222434997558594
15 0.0106658935546875
16 0.010136604309082031
17 0.011974334716796875
18 0.012375116348266602
19 0.018563270568847656
20 0.018981218338012695
21 0.02640557289123535
22 0.041272878646850586
23 0.04492330551147461
24 0.08861041069030762
25 0.09766888618469238
26 0.22435569763183594
27 0.5885698795318604
28 0.691664457321167
29 1.501129150390625
30 1.902374505996704
10 0.011626958847045898
11 0.010143756866455078
12 0.010046005249023438
13 0.010246992111206055
14 0.009268760681152344
15 0.009689092636108398
16 0.010007619857788086
17 0.011948585510253906
18 0.011096000671386719
19 0.01711893081665039
20 0.02782273292541504
21 0.02369403839111328
22 0.03577828407287598
23 0.05063986778259277
24 0.0858910083770752
25 0.07376456260681152
26 0.1378483772277832
27 0.46065855026245117
28 0.6645286083221436
29 1.4538421630859375
30 1.5666143894195557
10 0.011355161666870117
11 0.01051473617553711
12 0.010008573532104492
13 0.009176969528198242
14 0.009906768798828125
15 0.009206771850585938
16 0.010172367095947266
17 0.012255668640136719
18 0.012815237045288086
19 0.019866228103637695
20 0.026712417602539062
21 0.02159261703491211
22 0.027293682098388672
23 0.04948878288269043
24 0.07604408264160156
25 0.1097860336303711
26 0.12767338752746582
27 0.3299562931060791
28 0.9191775321960449
29 1.18345308303833
30 2.6060128211975098
10 0.010712385177612305
11 0.01135110855102539
12 0.010460853576660156
13 0.010442018508911133
14 0.009753704071044922
15 0.009515523910522461
16 0.01045680046081543
17 0.011637687683105469
18 0.013422966003417969
19 0.019295692443847656
20 0.025422334671020508
21 0.021839380264282227
22 0.037447214126586914
23 0.061931610107421875
24 0.07239532470703125
25 0.08030939102172852
26 0.19062566757202148
27 0.5016400814056396
28 0.5346717834472656
29 1.223167896270752
30 3.5370280742645264
10 0.012250423431396484
11 0.010466575622558594
12 0.01070857048034668
13 0.009344816207885742
14 0.010032892227172852
15 0.00975346565246582
16 0.009955406188964844
17 0.011142492294311523
18 0.012506723403930664
19 0.019568443298339844
20 0.0275423526763916
21 0.0185086727142334
22 0.0413060188293457
23 0.05403256416320801
24 0.07967185974121094
25 0.09521198272705078
26 0.1921236515045166
27 0.47435879707336426
28 0.768223762512207
29 1.2678000926971436
30 2.02020001411438
10 0.010757923126220703
11 0.0120697021484375
12 0.009915351867675781
13 0.012077808380126953
14 0.009349346160888672
15 0.010475873947143555
16 0.00960087776184082
17 0.012774944305419922
18 0.016799211502075195
19 0.019148826599121094
20 0.024664640426635742
21 0.023257732391357422
22 0.03718256950378418
23 0.04442310333251953
24 0.07710766792297363
25 0.09279179573059082
26 0.24731969833374023
27 0.5377960205078125
28 0.8823144435882568
29 1.1115844249725342
30 1.927643060684204
10 0.010847806930541992
11 0.011547327041625977
12 0.010660409927368164
13 0.014461994171142578
14 0.009942770004272461
15 0.009762287139892578
16 0.009974956512451172
17 0.011205196380615234
18 0.016753196716308594
19 0.018941164016723633
20 0.03307080268859863
21 0.021670818328857422
22 0.03400301933288574
23 0.04639577865600586
24 0.08675312995910645
25 0.08639025688171387
26 0.18103647232055664
27 0.27422094345092773
28 0.7031495571136475
29 1.4513845443725586
30 2.653909206390381
10 0.011338472366333008
11 0.010447263717651367
12 0.010868072509765625
13 0.009794235229492188
14 0.009804010391235352
15 0.010418176651000977
16 0.010242938995361328
17 0.0125885009765625
18 0.013425350189208984
19 0.01869821548461914
20 0.03247523307800293
21 0.027887344360351562
22 0.04109334945678711
23 0.044161081314086914
24 0.08089375495910645
25 0.08903026580810547
26 0.1193091869354248
27 0.251575231552124
28 0.7494645118713379
29 1.6569714546203613
30 2.5630722045898438
10 0.010197162628173828
11 0.01209878921508789
12 0.010730981826782227
13 0.010193347930908203
14 0.009815454483032227
15 0.010260343551635742
16 0.011881351470947266
17 0.012150287628173828
18 0.012970685958862305
19 0.025454998016357422
20 0.026175975799560547
21 0.022713661193847656
22 0.04342007637023926
23 0.0482943058013916
24 0.07298731803894043
25 0.07646441459655762
26 0.20296978950500488
27 0.2589914798736572
28 0.6795847415924072
29 1.751598596572876
30 2.2881603240966797
10 0.010567665100097656
11 0.01039433479309082
12 0.010829925537109375
13 0.013230562210083008
14 0.009670257568359375
15 0.010811090469360352
16 0.010286569595336914
17 0.01001119613647461
18 0.013467073440551758
19 0.014765024185180664
20 0.02260589599609375
21 0.02528214454650879
22 0.03761935234069824
23 0.04575300216674805
24 0.09454846382141113
25 0.0854499340057373
26 0.13861632347106934
27 0.48173999786376953
28 0.8348925113677979
29 1.4884223937988281
30 2.475769281387329
