10 0.06058692932128906 0.013365745544433594
11 0.050240278244018555 0.01298666000366211
12 0.04963421821594238 0.01242518424987793
13 0.05149555206298828 0.011345148086547852
14 0.05216479301452637 0.010208845138549805
15 0.05029296875 0.010771751403808594
16 0.050798654556274414 0.013517379760742188
17 0.05318021774291992 0.015285015106201172
18 0.05452132225036621 0.0171816349029541
19 0.062288761138916016 0.024751663208007812
20 0.07840156555175781 0.03122425079345703
21 0.09068512916564941 0.030095815658569336
22 0.09981608390808105 0.04193758964538574
23 0.15259456634521484 0.08846282958984375
24 0.19734954833984375 0.12779688835144043
25 0.20205283164978027 0.1388695240020752
26 0.41332221031188965 0.2675471305847168
27 0.655001163482666 0.5843160152435303
28 1.3894383907318115 1.3124737739562988
29 3.289454221725464 3.2083773612976074
30 4.772913217544556 4.690087556838989
