4 0.0001753091812133789 0.00013387203216552734 0.00012402534484863282
5 0.00017361640930175782 0.0001342296600341797 0.0001239776611328125
6 0.00016980171203613282 0.00013256072998046875 0.00012166500091552735
7 0.0002914905548095703 0.00017464160919189453 0.0001521587371826172
8 0.00017311573028564454 0.00014119148254394532 0.00012772083282470704
9 0.000197601318359375 0.00015316009521484374 0.0001550912857055664
10 0.0001674652099609375 0.0001358509063720703 0.0001237630844116211
11 0.00022296905517578126 0.00015103816986083984 0.00013451576232910157
12 0.00017805099487304686 0.00014374256134033203 0.00013127326965332032
13 0.0001669168472290039 0.00013616085052490235 0.00012836456298828124
14 0.00016617774963378906 0.00013179779052734374 0.0001286745071411133
15 0.0001718282699584961 0.00013508796691894532 0.00014863014221191406
16 0.0001720428466796875 0.00014145374298095702 0.00025095939636230467
17 0.00016777515411376954 0.00013608932495117186 0.0004302978515625
18 0.0001699686050415039 0.0001367330551147461 0.0008194446563720703
19 0.00017211437225341796 0.00016241073608398439 0.001570582389831543
20 0.00016617774963378906 0.00020756721496582032 0.001364922523498535
21 0.00017490386962890626 0.0002819061279296875 0.0016996622085571288
22 0.00034589767456054686 0.0004867076873779297 0.0024062633514404298
23 0.00021147727966308594 0.0007503747940063477 0.003696703910827637
24 0.00026051998138427735 0.0012645244598388672 0.0065166234970092775
25 0.0001474618911743164 0.002404642105102539 0.011788225173950196
26 0.00014312267303466796 0.004779052734375 0.022857046127319335
27 0.00014181137084960936 0.009322214126586913 0.04455411434173584
28 0.00016477108001708985 0.018451714515686037 0.08592591285705567
29 0.00014700889587402344 0.037207531929016116 0.17624187469482422
30 0.00017805099487304686 0.07327239513397217 0.34418957233428954
